1.0# Points + Colors
# Body
V(-1,0.25,0)(1.0,1.0,1.0)
V(0.75,0.25,0)(1.0,1.0,1.0)
V(0.75,-0.25,0)(0.9,0.9,0.9)
V(-1,-0.25,0)(0.9,0.9,0.9)
V(-1,0.25,-0.5)(0.5,0.5,0.5)
V(0.75,0.25,-0.5)(0.5,0.5,0.5)
V(0.75,-0.25,-0.5)(0.5,0.5,0.5)
V(-1,-0.25,-0.5)(0.5,0.5,0.5)

# Front Window
V(-0.4,0.25,0.35)(1.0,1.0,1.0)
V(0.1,0.25,0.35)(1.0,1.0,1.0)
V(0.1,-0.25,0.35)(0.0,0.0,0.0)
V(-0.4,-0.25,0.35)(0.0,0.0,0.0)
V(-0.5,0.25,0)(0.5,0.5,0.5)
V(0.1,0.25,0)(1.0,1.0,1.0)
V(0.1,-0.25,0)(0.0,0.0,0.0)
V(-0.5,-0.25,0)(1.0,1.0,1.0)

# Back Window
V(0.125,0.25,0.35)(1.0,1.0,1.0)
V(0.7,0.25,0.35)(1.0,1.0,1.0)
V(0.7,-0.25,0.35)(0.0,0.0,0.0)
V(0.125,-0.25,0.35)(0.0,0.0,0.0)
V(0.125,0.25,0)(1.0,1.0,1.0)
V(0.7,0.25,0)(1.0,1.0,1.0)
V(0.7,-0.25,0)(0.0,0.0,0.0)
V(0.125,-0.25,0)(1.0,1.0,1.0)

# Sekat Front Window + Back Window
V(0.1,0.25,0.35)(1.0,1.0,1.0)
V(0.125,0.25,0.35)(1.0,1.0,1.0)
V(0.125,-0.25,0.35)(1.0,1.0,1.0)
V(0.1,-0.25,0.35)(1.0,1.0,1.0)
V(0.08,0.25,0)(1.0,1.0,1.0)
V(0.125,0.25,0)(1.0,1.0,1.0)
V(0.125,-0.25,0)(1.0,1.0,1.0)
V(0.08,-0.25,0)(1.0,1.0,1.0)

# Roof Top
V(0.1,0.25,0.75)(1.0,1.0,1.0)
V(0.7,0.25,0.75)(1.0,1.0,1.0)
V(0.7,-0.25,0.75)(1.0,1.0,1.0)
V(0.1,-0.25,0.75)(1.0,0.0,0.0)
V(0,0.25,0.35)(1.0,1.0,1.0)
V(0.7,0.25,0.35)(1.0,1.0,1.0)
V(0.7,-0.25,0.35)(1.0,1.0,1.0)
V(0,-0.25,0.35)(1.0,1.0,1.0)

# Polygons
# Body
P(0,1,2)
P(0,2,3)
P(4,5,6)
P(4,6,7)
P(0,1,4)
P(1,4,5)
P(1,5,6)
P(1,2,6)
P(0,4,7)
P(0,3,7)
P(2,3,6)
P(3,6,7)
# Front Window
P(8,9,10)
P(8,10,11)
P(12,13,14)
P(12,14,15)
P(8,9,12)
P(9,12,13)
P(9,13,14)
P(9,10,14)
P(8,12,15)
P(8,11,15)
P(10,11,14)
P(11,14,15)
# Back Window
P(16,17,18)
P(16,18,19)
P(20,21,22)
P(20,22,23)
P(16,17,20)
P(17,20,21)
P(17,21,22)
P(17,18,22)
P(16,20,23)
P(16,19,23)
P(18,19,22)
P(19,22,23)
# Sekat Front Window & Back Window
P(24,25,26)
P(24,26,27)
P(28,29,30)
P(28,30,31)
P(24,25,28)
P(25,28,29)
P(25,29,30)
P(25,26,30)
P(24,28,31)
P(24,27,31)
P(26,27,30)
P(27,30,31)
# Roof Top
P(32,33,34)
P(32,34,35)
P(36,37,38)
P(36,38,39)
P(32,33,36)
P(33,36,37)
P(33,37,38)
P(33,34,38)
P(32,36,39)
P(32,35,39)
P(34,35,38)
P(35,38,39)
