# Points
V(-0.30094376721359917,0.5301099059046542)
V(-0.24150485658998713,0.5895488165282662)
V(-0.2249940480834282,0.5334120676059662)
V(-0.5221886012014878,-0.1996678300852462)
V(-0.4429367203700052,0.08101591452625402)
V(-0.4594475288765641,-0.17325053647475205)
V(-0.4165194267595111,0.03478565070788927)
V(-0.4493514952293729,-0.017771618308007338)
V(-0.31308908909634436,0.10451279099584805)
V(-0.32076930079816085,0.03197745825647034)
V(-0.2665384726147787,0.13735849637394973)
V(-0.1973568323185274,0.09812114814622515)
V(-0.348522084767634,0.019875890346166953)
V(-0.32826421242581283,-0.045962194764751614)
V(-0.3853669036850828,-0.01287018813622273)
V(-0.3853669036850828,-0.2795368548028893)
V(-0.3389944474792891,-0.23862161475488078)
V(-0.19805404717572783,-0.008274140410699848)
V(-0.27088851981041756,0.25267689487831746)
V(-0.20510254452747173,0.3137638719267668)
V(-0.2416187529480488,0.2089122702541663)
V(-0.12365324179620568,0.19942158155402825)
V(-0.10015825062372503,0.0020636557051918764)
V(-0.04690293729943564,0.06784963098813734)
V(-0.15341356394801442,0.4813614756237945)
V(-0.12365324179620568,0.19942158155402825)
V(-0.0719642612167483,0.3435241940785755)
V(-0.05786726651325992,0.5377494544377477)
V(-0.03437227534077931,0.38424884544420834)
V(0.02514836896283831,0.326294533885423)
V(0.07527101679746365,0.20255424704369232)
V(-0.32892114800644473,0.5091952084994595)
V(-0.2875699635428788,0.5074722424801441)
V(-0.32892114800644473,0.4626751259779481)
V(-0.289292929562194,0.44027656772685014)
V(-0.24621877907931275,0.4643980919972633)
V(-0.1940321249351938,0.48104145114203845)
V(-0.1906450960273415,0.645112484909193)
V(-0.09343506899698675,0.6609835097304753)
V(-0.3069934515106087,0.8349817795993902)
V(-0.15181584566571066,0.6514519543559898)
V(-0.14898365587147522,0.7105804622969828)
V(-0.02664450620742324,0.5623907797800853)
V(0.007021304019539495,0.5756166337978208)
V(0.011830705480534155,0.4806309549431763)
V(0.09118582958694631,0.49866621042190623)
V(0.08637642812595162,0.5371414221098635)
V(0.02625890986351816,0.40608523229775917)
V(0.12845869090965498,0.44576279435096505)
V(0.09599523104794097,0.3399559622090827)
V(0.026258909863518167,0.40608523229775917)
V(0.12485163981390898,0.34837241476582326)
V(0.09721475784697882,0.13880618138974243)
V(-0.09939700916524137,-0.09743276346990123)
V(0.033201624401139655,-0.10810161904420773)
V(-0.005439973972571447,-0.1657786384494931)
V(0.18600185872753985,0.04914190958176327)
V(0.2925591052304319,-0.08992432737963789)
V(0.2812997629815838,-0.01287018813622273)
V(0.4099526818861604,-0.09714854748152886)
V(0.08486277730106595,-0.19648157388252968)
V(0.1932260788294309,-0.173002858551384)
V(0.07468319443021955,-0.27463450043935017)
V(0.16334407749888175,-0.49136110349607925)
V(0.24215375133769254,-0.34359296504830944)
V(0.1255811087844515,-0.6342036373289235)
V(0.179762759548634,-0.5504683588751872)
V(0.16991155031878266,-0.6358455055338986)
V(0.08125066725012046,-0.6801759470682297)
V(0.14796642964825066,-0.6795368548028894)
V(0.18468836416355972,-0.6703247378383783)
V(0.21487582738362349,-0.5496108969773333)
V(0.16334407749888175,-0.49136110349607925)
V(0.4194755174750167,-0.23687153172492012)
V(0.4720153000342239,-0.0677591066124725)
V(0.5524668420780099,-0.10880581173685301)
V(0.5984391518173163,-0.16791306711596093)
V(0.5721692605377126,-0.26149955479954845)
V(0.4818665092640752,-0.27627636864432537)
V(0.3899218897854626,-0.33702549222840855)
V(0.4670896954192982,-0.3829978019677147)
V(0.37514507594068564,-0.5241984675955836)
V(0.4358941995247689,-0.5061379173408562)
V(0.42275925388496716,-0.5734545137448402)
V(0.38499628517053697,-0.586589459384642)
V(0.3636519985058591,-0.6653991332234526)
V(0.4079824400401902,-0.6489804511737004)
V(0.3143959523566024,-0.7409250706523127)
V(0.40634057183521494,-0.7343575978324118)
V(0.19009413213651705,-0.4412047510505131)
# Polygon
P(0,1,2)
P(3,4,5)
P(4,6,7)
P(4,8,6)
P(6,9,8)
P(8,10,9)
P(9,11,10)
P(9,12,13)
P(12,14,13)
P(14,15,16)
P(13,16,14)
P(9,13,17)
P(9,11,17)
P(10,18,19)
P(10,20,11)
P(20,19,21)
P(20,11,21)
P(11,22,17)
P(11,23,22)
P(11,21,23)
P(19,24,25)
P(24,26,25)
P(24,27,26)
P(27,28,26)
P(25,26,21)
P(26,29,21)
P(21,30,29)
P(21,23,30)
P(28,29,26)
P(0,31,32)
P(31,33,34)
P(31,32,34)
P(32,35,34)
P(0,2,32)
P(32,2,35)
P(2,36,35)
P(1,37,2)
P(2,37,36)
P(37,24,36)
P(37,24,27)
P(37,38,27)
P(37,39,40)
P(40,41,38)
P(38,42,27)
P(38,43,42)
P(27,28,42)
P(28,44,42)
P(42,44,43)
P(43,44,45)
P(43,46,45)
P(44,47,45)
P(28,44,47)
P(47,45,48)
P(46,45,48)
P(28,47,29)
P(47,29,49)
P(47,50,49)
P(50,48,51)
P(29,49,30)
P(23,30,52)
P(17,53,22)
P(22,23,54)
P(53,22,54)
P(23,52,54)
P(53,55,54)
P(52,54,56)
P(54,56,57)
P(56,58,57)
P(58,59,57)
P(55,60,54)
P(54,61,60)
P(54,57,61)
P(60,62,61)
P(62,63,61)
P(61,64,63)
P(63,65,66)
P(65,67,66)
P(65,68,69)
P(65,67,69)
P(69,70,67)
P(66,71,67)
P(63,72,66)
P(72,71,66)
P(61,57,64)
P(57,73,64)
P(57,59,73)
P(59,74,75)
P(59,73,75)
P(75,76,77)
P(75,78,77)
P(75,73,78)
P(73,79,78)
P(64,73,79)
P(78,80,77)
P(79,78,80)
P(64,81,79)
P(79,82,81)
P(81,83,82)
P(81,84,83)
P(84,85,86)
P(84,83,86)
P(85,87,88)
P(85,86,88)
P(50,49,51)
P(72,71,89)
